3.07259
3.35414
3.13272
3.18262
3.26052
3.10966
3.30814
3.17718
3.09527
3.30966
3.15135
3.24585
3.22299
3.10189
3.20722
3.16487
3.30769
3.09463
3.15852
3.29827
3.16924
3.25745
3.09955
3.15617
3.29134
3.13826
3.24699
3.17997
3.23262
3.21283
3.16052
3.26722
3.17276
3.08797
3.2174
3.15183
3.33293
3.10632
3.16846
3.24755
3.11353
3.27944
3.14745
3.21935
3.23725
3.12371
3.3659
3.05245
3.17373
3.27764
3.15531
3.25284
3.14491
3.16012
3.26817
3.08005
3.35958
3.14889
3.12264
3.25148
3.14879
3.30971
3.08917
3.16238
3.26227
3.11771
3.36123
3.06568
3.19739
3.24635
3.17343
3.30648
3.14642
3.11523
3.31874
3.10105
3.26706
3.16668
3.15239
3.20528
3.15063
3.28185
3.17714
3.18803
3.22175
3.12143
3.22199
3.153
3.21072
3.20235
3.20721
3.16194
3.20388
3.25132
3.14232
3.18563
3.27059
3.27371
3.10813
3.24306
3.13075
3.29405
3.14308
3.13394
3.31627
3.14303
3.19414
3.24227
3.02109
3.3627
3.14922
3.25791
3.16072
3.18315
3.21068
3.24625
3.11909
3.26156
3.04258
3.29807
3.15831
3.30236
3.1117
3.19862
3.19586
3.11711
3.33827
3.15721
3.08304
3.34456
3.12649
3.27172
3.17712
3.14952
3.21133
3.18798
3.24346
3.14684
3.14703
3.21692
3.12325
3.14887
3.15502
3.23516
3.27032
3.24993
3.053
3.28366
3.17388
3.18568
3.16037
3.28259
3.1468
3.20126
3.22462
3.25063
3.04766
3.23944
3.22653
3.14276
3.26678
3.30156
3.04848
3.18367
3.18676
3.18264
3.21038
3.31079
3.12328
3.2099
3.17156
3.22279
3.25717
3.19438
3.15337
3.23406
3.15383
3.21154
3.23749
3.11716
3.25803
3.20524
3.24561
3.12054
3.25047
3.16091
3.30072
3.29251
3.19264
3.18883
3.28634
3.07416
3.23751
3.26844
3.14309
3.18792
3.18149
3.19352
3.16353
3.04878
